N  = 2;             
J  = 17;            
Y  = 19;            
us = N;             
yvec   = 1990:2008; 
pollutants = {'co','nox','pm10','pm25','so2','voc','co2'};


pm.alpha = [.0040; .0022; .0103; .0223; .0212; .0205; .0048; .0303; .0557; .0019; .0015; .0023; .0005; .0014; .0016; .0019; .0047];
inputshare = [.74;.79;.83;.79;.88;.70;.78;.73;.85;.79;.76;.81;.79;.65; .82;.74;.73];
pm.sigma = (1-pm.alpha)./((1-pm.alpha)-inputshare);  
pm.theta = [4.81; 5.38; 8.30; 4.29; 17.52; 4.13; 5.02; 3.39; 9.72; 5.60; 4.30; 5.07; 4.13; 2.09; 5.29; 3.27; 4.77];      


pm.dirty = [4 5 6 8 9];
pm.clean = [1 2 3 7 10 11 12 13 14 15 16 17];
